339780 02691156
28812 02747177
6972 02773838
9492 02801938
71904 02808440
19572 02818832
152292 02828884
6132 02843684
37968 02871439
41832 02876657
15624 02880940
78876 02924116
131964 02933112
9492 02942699
9072 02946921
4704 02954340
295176 02958343
69804 02992529
569352 03001627
54684 03046257
5460 03085013
7812 03207941
91812 03211117
6132 03261776
62496 03325088
25032 03337140
66948 03467517
13608 03513137
50064 03593526
35616 03624134
194712 03636649
38640 03642806
134148 03691459
7896 03710193
5628 03759954
12768 03761084
28308 03790512
17976 03797390
20076 03928116
8064 03938244
25788 03948459
50568 03991062
13944 04004475
5544 04074963
199332 04090263
7140 04099429
12768 04225987
266532 04256520
18312 04330267
708624 04379243
91476 04401088
11172 04460130
32676 04468005
162876 04530566
14196 04554684
339780 02691156
28812 02747177
6972 02773838
9492 02801938
71904 02808440
19572 02818832
152292 02828884
6132 02843684
37968 02871439
41832 02876657
15624 02880940
78876 02924116
131964 02933112
9492 02942699
9072 02946921
4704 02954340
295176 02958343
69804 02992529
569352 03001627
54684 03046257
5460 03085013
7812 03207941
91812 03211117
6132 03261776
62496 03325088
25032 03337140
66948 03467517
13608 03513137
50064 03593526
35616 03624134
194712 03636649
38640 03642806
134148 03691459
7896 03710193
5628 03759954
12768 03761084
28308 03790512
17976 03797390
20076 03928116
8064 03938244
25788 03948459
50568 03991062
13944 04004475
5544 04074963
199332 04090263
7140 04099429
12768 04225987
266532 04256520
18312 04330267
708624 04379243
91476 04401088
11172 04460130
32676 04468005
162876 04530566
14196 04554684
