0 0 0 2.0
0 30 0 2.0
0 60 0 2.0
0 90 0 2.0
0 270 0 2.0
0 300 0 2.0
0 330 0 2.0
30 0 0 2.0
30 30 0 2.0
30 60 0 2.0
30 90 0 2.0
30 270 0 2.0
30 300 0 2.0
30 330 0 2.0
60 0 0 2.0
60 30 0 2.0
60 60 0 2.0
60 90 0 2.0
60 270 0 2.0
60 300 0 2.0
60 330 0 2.0
90 0 0 2.0
90 30 0 2.0
90 60 0 2.0
90 90 0 2.0
90 270 0 2.0
90 300 0 2.0
90 330 0 2.0
120 0 0 2.0
120 30 0 2.0
120 60 0 2.0
120 90 0 2.0
120 270 0 2.0
120 300 0 2.0
120 330 0 2.0
150 0 0 2.0
150 30 0 2.0
150 60 0 2.0
150 90 0 2.0
150 270 0 2.0
150 300 0 2.0
150 330 0 2.0
180 0 0 2.0
180 30 0 2.0
180 60 0 2.0
180 90 0 2.0
180 270 0 2.0
180 300 0 2.0
180 330 0 2.0
210 0 0 2.0
210 30 0 2.0
210 60 0 2.0
210 90 0 2.0
210 270 0 2.0
210 300 0 2.0
210 330 0 2.0
240 0 0 2.0
240 30 0 2.0
240 60 0 2.0
240 90 0 2.0
240 270 0 2.0
240 300 0 2.0
240 330 0 2.0
270 0 0 2.0
270 30 0 2.0
270 60 0 2.0
270 90 0 2.0
270 270 0 2.0
270 300 0 2.0
270 330 0 2.0
300 0 0 2.0
300 30 0 2.0
300 60 0 2.0
300 90 0 2.0
300 270 0 2.0
300 300 0 2.0
300 330 0 2.0
330 0 0 2.0
330 30 0 2.0
330 60 0 2.0
330 90 0 2.0
330 270 0 2.0
330 300 0 2.0
330 330 0 2.0
